4.765813812601401786e-03
4.744912148140436985e-03
4.847237185867770727e-03
4.798264486689839473e-03
4.820631712538285887e-03
4.780322015282302377e-03
4.909184954731389029e-03
4.843277871611120083e-03
5.058348449469342659e-03
4.925915920730157375e-03
4.843264179572493063e-03
4.790917008883475124e-03
4.777414208289236346e-03
4.717974421699428628e-03
4.811476271032139734e-03
4.849479843597011980e-03
4.808425596229863944e-03
4.797932420814217218e-03
4.846801958350686543e-03
4.833327476137103812e-03
4.727602155391070690e-03
4.715648337292434669e-03
4.803271651043186825e-03
4.823233800179367765e-03
4.783896453513550653e-03
4.758649807051655752e-03
4.738433998884667049e-03
4.771895694245332185e-03
4.864322106679443841e-03
4.801032716813238323e-03
5.166175129317425972e-03
4.743327475962825016e-03
4.802472845920595194e-03
4.778790485847373391e-03
4.812063461836210872e-03
4.851233291321700204e-03
4.895833925339960514e-03
4.769280051891145768e-03
4.935213365363861487e-03
4.828235026443103081e-03
4.831970774234434912e-03
4.831204136413573547e-03
4.812618428742242507e-03
4.880846822956092478e-03
4.848097055972598948e-03
4.806768181938250381e-03
4.842192893046172973e-03
4.884466429082761144e-03
4.878367611399995508e-03
4.866581969032398626e-03
4.776444208805186165e-03
4.747105588680199800e-03
4.822561943314293380e-03
4.790165003879828624e-03
4.749383780897976741e-03
4.688044437853264648e-03
4.794758727531412378e-03
4.856309939278833157e-03
4.742488990614831049e-03
4.883066305159257381e-03
4.813058638064024626e-03
4.769024713840773998e-03
4.886093355037717315e-03
4.815626253042320538e-03
4.874179836500009202e-03
4.822335355652666682e-03
4.828806982884227723e-03
4.748683208803202230e-03
4.784984136113308063e-03
4.849813142516562481e-03
4.818202706103380355e-03
4.856893801799303315e-03
4.955512888693431803e-03
4.733939645849143639e-03
4.806374290928591524e-03
4.914406381530546375e-03
4.824424320542859516e-03
4.745436498908849575e-03
4.885019412445675696e-03
4.889761418837124986e-03
4.832088672421155223e-03
4.802400571336604834e-03
4.858420944618821978e-03
4.770692363663299115e-03
4.802839671595472530e-03
4.856919874019471721e-03
4.742020354250326558e-03
4.867426975867000273e-03
4.787624725850187987e-03
4.774673478103703440e-03
4.852245771535011049e-03
4.827414738672161122e-03
4.737778980203471990e-03
4.717588586608693901e-03
4.830354573170067209e-03
4.811476271032139734e-03
4.828892039589059888e-03
4.820802236716976649e-03
4.810523952010072914e-03
4.899037023655069406e-03
4.719719678859195244e-03
4.851853104625005429e-03
4.851069659779465824e-03
4.846753612469138425e-03
4.821001784704898388e-03
4.819776315427288030e-03
4.735596817456771447e-03
4.842015702743501272e-03
4.777407946085056659e-03
4.674916696002153794e-03
4.916148063075873910e-03
4.792747997905113556e-03
4.691163943758451527e-03
4.897748156473992996e-03
4.823755005754355209e-03
4.829818043597704051e-03
4.904514599730906005e-03
4.852188630897852524e-03
4.897351349066542472e-03
4.780765464911294546e-03
4.796421320922679421e-03
4.769268062244265416e-03
4.781144539435789632e-03
4.915733478532604422e-03
4.803859862062494906e-03
4.816626194283084479e-03
4.797854436521012747e-03
4.883775966301378245e-03
4.830480039334156435e-03
4.887519429699864991e-03
4.867295138451861736e-03
4.838323496725640931e-03
4.776618818451207685e-03
4.892952752508183262e-03
4.850292794633284492e-03
4.767902497511534651e-03
4.873985914566109426e-03
4.754600665322677479e-03
4.759561601146535155e-03
4.829556436097852748e-03
4.853748933891476915e-03
4.838697316450210964e-03
4.766557852969635287e-03
4.827950727267684566e-03
4.848435332176927355e-03
4.714133693199350911e-03
4.739645557405387268e-03
4.741959088930561284e-03
4.781234811550454968e-03
4.834786206583783705e-03
4.888974069282766947e-03
4.798926673420231270e-03
4.738901394859534183e-03
4.743889088147448807e-03
4.781391821359257804e-03
4.804597383080497740e-03
4.782272221548131141e-03
4.841138947921995277e-03
4.734492993200761085e-03
4.753486814234256751e-03
4.839922968873956732e-03
4.779920689596600311e-03
4.913821868006945474e-03
4.709855147847383412e-03
4.711530289763799124e-03
4.771727216469477673e-03
4.856596907133134584e-03
4.828712365665198403e-03
4.762654539484230572e-03
4.792051370577586275e-03
4.865422808102598182e-03
4.726300840918674223e-03
4.765196787116989831e-03
4.858575022631450059e-03
4.723285952449133261e-03
4.754204436356093341e-03
4.776430415827281374e-03
4.796974467784588698e-03
4.767749073127061643e-03
4.767822979357099443e-03
4.806868509981155127e-03
4.845902481735241130e-03
4.704367297622542160e-03
4.751456110771625635e-03
4.695016692176558031e-03
4.788788060477298068e-03
4.867531000230580773e-03
4.807935290635578264e-03
4.820588347922229004e-03
4.865381158709031380e-03
4.764850754009776652e-03
4.777127812795359599e-03
4.857471172464730355e-03
4.813867443125047392e-03
4.831013122451354065e-03
4.758071030220596860e-03
4.753937067041420772e-03
4.752175707693873097e-03
4.923338092130627106e-03
4.810355656684003715e-03
4.738267604160854157e-03
4.801492946071185021e-03
4.746532976950779310e-03
4.756372040859893624e-03
4.888965393864018981e-03
4.852712664235488138e-03
4.861524947039732973e-03
4.866008694994703072e-03
4.761913818150323961e-03
4.866046485251573905e-03
4.849022505672004844e-03
4.812420322588627231e-03
4.755193514647692091e-03
4.795600490686027957e-03
4.896335741787390117e-03
4.716761550015606715e-03
4.895479301148482343e-03
4.748683208803202230e-03
4.897055523688918603e-03
4.873575537520474961e-03
4.794096387340412643e-03
4.841265270804512473e-03
4.797780098439684109e-03
4.892233222995649895e-03
4.876899897732320417e-03
4.679384143795826782e-03
4.819348424455255006e-03
4.868159361895414185e-03
4.821377060027931365e-03
4.800593431082099405e-03
5.029929101481976292e-03
4.764082106402021087e-03
4.655058134050939732e-03
4.901120739877218649e-03
4.829751948075327629e-03
4.996314715499152077e-03
4.729527656626280989e-03
4.788731837509051757e-03
4.802865418913028310e-03
4.708610971046945336e-03
4.854775111154480995e-03
4.813464803046623060e-03
4.745222700662410364e-03
4.782789272542873650e-03
4.794281718482763799e-03
4.726364448965812703e-03
4.899743527449445905e-03
4.806786672626285790e-03
4.767031663118093988e-03
4.872468635299222542e-03
4.794777853468741059e-03
4.694712333527947638e-03
4.754329427669257493e-03
4.834358840192704877e-03
4.696495396719280874e-03
4.747594602771325854e-03
5.185917331537314920e-03
4.758655244781260889e-03
4.864777063069286589e-03
4.833181634631075752e-03
4.839041162097441028e-03
4.849625674957966023e-03
4.895681600460085985e-03
4.813465071010902298e-03
4.849211101581929473e-03
4.773703213949273896e-03
4.669044838893333070e-03
4.778982394460212085e-03
4.858729239026579778e-03
4.784659644451814096e-03
4.776964484221684314e-03
4.837337569039867891e-03
4.839603212257207951e-03
4.760977910794908681e-03
4.841293984562481008e-03
4.637137658194658875e-03
4.833684961208312147e-03
4.840241514539114775e-03
4.855599597752974228e-03
4.849381660419631139e-03
4.838806746253875718e-03
4.768095174911416920e-03
4.677043220177931095e-03
4.849992544152287484e-03
4.832325755285173108e-03
4.761932734210237717e-03
4.719851656314930088e-03
4.779392879131189216e-03
4.851530271711043153e-03
4.836393969200835502e-03
4.800701805306923677e-03
4.933549758531461348e-03
4.734984108346179492e-03
4.894704734780424595e-03
4.830315950349629676e-03
4.749478516683241884e-03
4.905509676511369231e-03
4.771252700215652953e-03
4.749996335039984724e-03
4.779781132776625072e-03
4.825508217547007372e-03
4.816491318341015009e-03
4.763731917559980468e-03
4.894210193668831373e-03
4.914394288290486849e-03
4.849118172436761402e-03
4.903662764475739261e-03
4.875927069017956667e-03
4.741066675137731688e-03
4.854778940162477081e-03
4.792747997905113556e-03
4.924067376810215696e-03
4.830282926733554458e-03
4.816059656773208873e-03
4.861816878776970170e-03
4.894481481602801914e-03
4.768053311602107359e-03
4.778594380757396690e-03
4.773022389493171251e-03
4.863824777164541154e-03
4.897282749736412907e-03
4.880969931799232150e-03
4.823767821930387105e-03
4.765515433048149105e-03
4.875363531819621073e-03
4.734346880961031075e-03
4.879940166388151666e-03
4.793757325716545802e-03
4.846777238909654242e-03
4.810512165721813303e-03
4.906893706107472684e-03
4.879315465779128329e-03
4.827368633487194409e-03
4.761880223657653614e-03
4.810972027090683160e-03
4.933070156456173874e-03
4.830551721885431408e-03
4.942385232641821266e-03
4.906419107318721155e-03
4.781925480268268101e-03
4.837368634145275230e-03
4.876252194193881652e-03
4.844391290537400536e-03
4.743880890429889342e-03
4.828574983332511311e-03
4.789639986483457471e-03
4.837461865713250583e-03
4.865879665528429279e-03
4.846425732148486494e-03
4.769190946087828280e-03
4.950788770124492193e-03
4.825649945549328503e-03
4.889684317529464572e-03
4.771934739203013282e-03
4.830146680773039075e-03
4.849381660419631139e-03
4.899213884302516982e-03
4.790983216149288966e-03
4.875476913504268005e-03
4.854004089300281884e-03
4.843290781410654160e-03
4.738373485773537432e-03
4.805847017586699702e-03
4.831657779169385748e-03
4.790015597814166991e-03
4.826002581128803308e-03
4.691756003063737683e-03
4.821841938424030645e-03
4.770700695096869066e-03
4.802952300200302206e-03
4.686436478914639270e-03
4.850446425801662603e-03
4.799816313329487508e-03
4.785384846127765240e-03
4.814709837818773042e-03
4.782522751967590614e-03
4.814345207765960942e-03
4.779932063903922709e-03
4.737415773843806771e-03
4.738560341032734338e-03
4.838251883515836023e-03
4.775623969074547712e-03
4.783604674706821991e-03
4.877487668064009289e-03
4.817368669322588497e-03
4.810455080543781653e-03
4.859431708208402506e-03
4.812666901253717655e-03
4.758463884970629866e-03
4.744726463829861997e-03
4.795782201384962695e-03
4.784775361852601494e-03
4.818785685763242108e-03
4.844756365150877826e-03
4.765086701742252823e-03
4.859903124034067358e-03
4.756754454309534627e-03
4.718195110475176431e-03
4.655614257187904413e-03
4.790859614829362512e-03
4.742398935698670555e-03
4.911474579792139521e-03
4.759997187599849904e-03
4.919441892528735039e-03
4.914750992405154430e-03
4.866880032199840528e-03
4.787359485505269380e-03
4.722516058905481574e-03
4.846456104193172174e-03
4.863144145315941372e-03
4.825600899476000828e-03
4.837520444443338570e-03
4.870018006548018467e-03
4.831411590413036035e-03
4.845678520146643603e-03
4.732279424689352088e-03
4.807168733487735511e-03
4.825265983655671262e-03
4.923604617801580555e-03
4.901546705568177349e-03
4.792273432024389893e-03
4.832456530669312911e-03
4.840750744454841090e-03
4.844733598670170234e-03
4.694205076998607049e-03
4.842790840009983042e-03
4.872568457600188509e-03
4.727411381201997859e-03
4.825418183250071956e-03
4.703555625746568165e-03
4.857401340049479800e-03
4.743317906492774440e-03
4.853223741192937146e-03
4.858253863771683397e-03
4.780725889557697894e-03
4.893336571572501001e-03
4.727962313039635496e-03
4.834543148439738973e-03
4.820251069934582654e-03
4.762640734384676611e-03
4.851101358608475404e-03
4.874133205266709123e-03
4.835620425891315813e-03
4.750360260180061869e-03
4.808860766577801975e-03
4.846859658269309958e-03
4.824481962048328409e-03
4.747199084893652561e-03
4.791906092009326663e-03
4.748477552012641406e-03
4.681938583600824856e-03
4.857503024318401454e-03
5.044590017214766776e-03
4.825502529423399828e-03
4.753025144825747013e-03
4.840049209833397099e-03
4.826589675127665631e-03
4.818246922137677836e-03
4.824492528568750938e-03
4.793196148985624620e-03
4.941872684700054398e-03
4.840871593967417848e-03
4.803557367356978136e-03
4.859883330813113619e-03
4.879104947268192265e-03
4.828565907571077259e-03
4.940243327027313627e-03
5.089057317466532358e-03
4.816388374362899627e-03
4.815442258690075077e-03
4.801756092530403384e-03
4.759985512484927322e-03
4.738652164241211225e-03
4.767921245921052237e-03
4.743220228792927561e-03
4.802251703839374372e-03
4.810252760129432592e-03
4.748765953027257215e-03
4.759880776412965357e-03
4.889023962487362533e-03
4.825264885254619725e-03
4.724668637286581589e-03
4.806728411509204879e-03
4.945728000036461215e-03
4.805641622533702792e-03
4.706901822487733617e-03
4.785788393861838998e-03
4.773436196569847897e-03
4.826794926602470670e-03
4.727180731710465753e-03
4.815064214331514318e-03
4.741478676883017877e-03
4.867895187437195660e-03
4.747854762714670204e-03
4.757108564617614291e-03
4.780058819238262521e-03
4.872915454851467487e-03
4.740828573514469305e-03
4.806760594481000216e-03
4.796153100589322510e-03
