36.9528460503
38.308191061
39.2944738865
39.3176190853
41.6109750271
41.8247861862
43.3414649963
43.85846591
43.8622920513
44.8065199852
46.4687440395
32.5238859653
33.4328608513
35.3104290962
35.4083931446

35.5153820515
36.3414318562
36.6106760502
35.7779519558
37.9812700748
35.4565320015
30.8852031231
36.3134858608
36.3359959126
37.2955260277
37.296751976
37.2983191013
37.84465909
38.1004860401
38.1474099159
38.1660130024
42.7666869164
43.2213819027
30.2388079166
31.2868719101
32.0549190044
33.3822598457
33.3872890472
33.125800848
33.2856318951
34.6351261139
36.9325430393
