75.5165359974
75.5675349236
94.6659150124
100.124187946
95.7090849876
97.4411079884
98.9492940903
100.082242966
99.4373979568
98.8446309566
95.8523199558
97.8111560345
35.999904871
36.5167400837
39.6447629929
97.1518211365
97.6234409809
99.5910768509
103.708254814
103.713531971
104.738847017
104.795655012
105.645972967
105.824758053
106.026821852
106.883451223
56.0510380268
57.3005919456
58.8513669968
71.9262189865
75.4915640354
74.4479131699
74.4754428864
75.6661729813
77.035626173
80.9926979542
77.8190951347
41.3024671078
44.257060051
44.2424709797
